
					Neighbor Detail
~~~~~~~~~~~~~~~~~~~~~~~~~~~~~~~~~~~~~~~~~~~~~~~~~~~~~~~~~~~~~~~~~~~~~~~~~~~~~~~~~~~~~~~~~~~~
	 Node 	    Neighbor			N_X-Pos		N_Y-Pos		H-Distance(d)
~~~~~~~~~~~~~~~~~~~~~~~~~~~~~~~~~~~~~~~~~~~~~~~~~~~~~~~~~~~~~~~~~~~~~~~~~~~~~~~~~~~~~~~~~~~~~
	  0		10			775		620		  141
	  0		15			625		620		  141
	  0		17			850		500		  150
	  0		24			775		380		  141
	  0		25			700		740		  240
	  0		30			700		260		  240
	  0		36			625		380		  141
	  0		38			550		500		  150
	  1		5			400		740		  150
	  1		8			475		620		  141
	  1		15			625		620		  141
	  1		16			475		860		  141
	  1		25			700		740		  150
	  1		38			550		500		  240
	  1		44			625		860		  141
	  1		69			550		980		  240
	  2		9			1075		860		  141
	  2		12			1075		620		  141
	  2		14			1000		500		  240
	  2		28			925		620		  141
	  2		41			850		740		  150
	  2		46			925		860		  141
	  2		48			1150		740		  150
	  2		62			1000		980		  240
	  3		11			400		260		  150
	  3		22			475		380		  141
	  3		23			475		140		  141
	  3		30			700		260		  150
	  3		36			625		380		  141
	  3		38			550		500		  240
	  3		43			625		140		  141
	  3		79			550		20		  240
	  4		6			175		620		  240
	  4		37			250		740		  141
	  4		42			325		860		  150
	  4		49			100		980		  141
	  4		53			25		860		  150
	  4		57			250		980		  141
	  4		61			100		740		  141
	  5		1			550		740		  150
	  5		8			475		620		  141
	  5		16			475		860		  141
	  5		18			400		500		  240
	  5		32			325		620		  141
	  5		37			250		740		  150
	  5		42			325		860		  141
	  5		66			400		980		  240
	  6		4			175		860		  240
	  6		13			250		500		  141
	  6		20			175		380		  240
	  6		32			325		620		  150
	  6		37			250		740		  141
	  6		61			100		740		  141
	  6		72			100		500		  141
	  6		76			25		620		  150
	  7		14			1000		500		  240
	  7		26			1075		380		  141
	  7		29			1075		140		  141
	  7		31			850		260		  150
	  7		33			1150		260		  150
	  7		40			925		380		  141
	  7		47			925		140		  141
	  7		67			1000		20		  240
	  8		1			550		740		  141
	  8		5			400		740		  141
	  8		15			625		620		  150
	  8		16			475		860		  240
	  8		18			400		500		  141
	  8		22			475		380		  240
	  8		32			325		620		  150
	  8		38			550		500		  141
	  9		2			1000		740		  141
	  9		12			1075		620		  240
	  9		46			925		860		  150
	  9		48			1150		740		  141
	  9		54			1150		980		  141
	  9		58			1225		860		  150
	  9		62			1000		980		  141
	  10		0			700		500		  141
	  10		15			625		620		  150
	  10		17			850		500		  141
	  10		24			775		380		  240
	  10		25			700		740		  141
	  10		28			925		620		  150
	  10		34			775		860		  240
	  10		41			850		740		  141
	  11		3			550		260		  150
	  11		18			400		500		  240
	  11		22			475		380		  141
	  11		23			475		140		  141
	  11		27			250		260		  150
	  11		35			325		140		  141
	  11		45			325		380		  141
	  11		64			400		20		  240
	  12		2			1000		740		  141
	  12		9			1075		860		  240
	  12		14			1000		500		  141
	  12		19			1150		500		  141
	  12		26			1075		380		  240
	  12		28			925		620		  150
	  12		48			1150		740		  141
	  12		70			1225		620		  150
	  13		6			175		620		  141
	  13		18			400		500		  150
	  13		20			175		380		  141
	  13		27			250		260		  240
	  13		32			325		620		  141
	  13		37			250		740		  240
	  13		45			325		380		  141
	  13		72			100		500		  150
	  14		2			1000		740		  240
	  14		7			1000		260		  240
	  14		12			1075		620		  141
	  14		17			850		500		  150
	  14		19			1150		500		  150
	  14		26			1075		380		  141
	  14		28			925		620		  141
	  14		40			925		380		  141
	  15		0			700		500		  141
	  15		1			550		740		  141
	  15		8			475		620		  150
	  15		10			775		620		  150
	  15		25			700		740		  141
	  15		36			625		380		  240
	  15		38			550		500		  141
	  15		44			625		860		  240
	  16		1			550		740		  141
	  16		5			400		740		  141
	  16		8			475		620		  240
	  16		42			325		860		  150
	  16		44			625		860		  150
	  16		66			400		980		  141
	  16		69			550		980		  141
	  17		0			700		500		  150
	  17		10			775		620		  141
	  17		14			1000		500		  150
	  17		24			775		380		  141
	  17		28			925		620		  141
	  17		31			850		260		  240
	  17		40			925		380		  141
	  17		41			850		740		  240
	  18		5			400		740		  240
	  18		8			475		620		  141
	  18		11			400		260		  240
	  18		13			250		500		  150
	  18		22			475		380		  141
	  18		32			325		620		  141
	  18		38			550		500		  150
	  18		45			325		380		  141
	  19		12			1075		620		  141
	  19		14			1000		500		  150
	  19		26			1075		380		  141
	  19		33			1150		260		  240
	  19		48			1150		740		  240
	  19		70			1225		620		  141
	  19		74			1300		500		  150
	  19		78			1225		380		  141
	  20		6			175		620		  240
	  20		13			250		500		  141
	  20		21			175		140		  240
	  20		27			250		260		  141
	  20		45			325		380		  150
	  20		65			25		380		  150
	  20		68			100		260		  141
	  20		72			100		500		  141
	  21		20			175		380		  240
	  21		27			250		260		  141
	  21		35			325		140		  150
	  21		52			100		20		  141
	  21		56			250		20		  141
	  21		60			25		140		  150
	  21		68			100		260		  141
	  22		3			550		260		  141
	  22		8			475		620		  240
	  22		11			400		260		  141
	  22		18			400		500		  141
	  22		23			475		140		  240
	  22		36			625		380		  150
	  22		38			550		500		  141
	  22		45			325		380		  150
	  23		3			550		260		  141
	  23		11			400		260		  141
	  23		22			475		380		  240
	  23		35			325		140		  150
	  23		43			625		140		  150
	  23		64			400		20		  141
	  23		79			550		20		  141
	  24		0			700		500		  141
	  24		10			775		620		  240
	  24		17			850		500		  141
	  24		30			700		260		  141
	  24		31			850		260		  141
	  24		36			625		380		  150
	  24		39			775		140		  240
	  24		40			925		380		  150
	  25		0			700		500		  240
	  25		1			550		740		  150
	  25		10			775		620		  141
	  25		15			625		620		  141
	  25		34			775		860		  141
	  25		41			850		740		  150
	  25		44			625		860		  141
	  25		73			700		980		  240
	  26		7			1000		260		  141
	  26		12			1075		620		  240
	  26		14			1000		500		  141
	  26		19			1150		500		  141
	  26		29			1075		140		  240
	  26		33			1150		260		  141
	  26		40			925		380		  150
	  26		78			1225		380		  150
	  27		11			400		260		  150
	  27		13			250		500		  240
	  27		20			175		380		  141
	  27		21			175		140		  141
	  27		35			325		140		  141
	  27		45			325		380		  141
	  27		56			250		20		  240
	  27		68			100		260		  150
	  28		2			1000		740		  141
	  28		10			775		620		  150
	  28		12			1075		620		  150
	  28		14			1000		500		  141
	  28		17			850		500		  141
	  28		40			925		380		  240
	  28		41			850		740		  141
	  28		46			925		860		  240
	  29		7			1000		260		  141
	  29		26			1075		380		  240
	  29		33			1150		260		  141
	  29		47			925		140		  150
	  29		55			1225		140		  150
	  29		59			1150		20		  141
	  29		67			1000		20		  141
	  30		0			700		500		  240
	  30		3			550		260		  150
	  30		24			775		380		  141
	  30		31			850		260		  150
	  30		36			625		380		  141
	  30		39			775		140		  141
	  30		43			625		140		  141
	  30		75			700		20		  240
	  31		7			1000		260		  150
	  31		17			850		500		  240
	  31		24			775		380		  141
	  31		30			700		260		  150
	  31		39			775		140		  141
	  31		40			925		380		  141
	  31		47			925		140		  141
	  31		71			850		20		  240
	  32		5			400		740		  141
	  32		6			175		620		  150
	  32		8			475		620		  150
	  32		13			250		500		  141
	  32		18			400		500		  141
	  32		37			250		740		  141
	  32		42			325		860		  240
	  32		45			325		380		  240
	  33		7			1000		260		  150
	  33		19			1150		500		  240
	  33		26			1075		380		  141
	  33		29			1075		140		  141
	  33		55			1225		140		  141
	  33		59			1150		20		  240
	  33		63			1300		260		  150
	  33		78			1225		380		  141
	  34		10			775		620		  240
	  34		25			700		740		  141
	  34		41			850		740		  141
	  34		44			625		860		  150
	  34		46			925		860		  150
	  34		73			700		980		  141
	  34		77			850		980		  141
	  35		11			400		260		  141
	  35		21			175		140		  150
	  35		23			475		140		  150
	  35		27			250		260		  141
	  35		45			325		380		  240
	  35		56			250		20		  141
	  35		64			400		20		  141
	  36		0			700		500		  141
	  36		3			550		260		  141
	  36		15			625		620		  240
	  36		22			475		380		  150
	  36		24			775		380		  150
	  36		30			700		260		  141
	  36		38			550		500		  141
	  36		43			625		140		  240
	  37		4			175		860		  141
	  37		5			400		740		  150
	  37		6			175		620		  141
	  37		13			250		500		  240
	  37		32			325		620		  141
	  37		42			325		860		  141
	  37		57			250		980		  240
	  37		61			100		740		  150
	  38		0			700		500		  150
	  38		1			550		740		  240
	  38		3			550		260		  240
	  38		8			475		620		  141
	  38		15			625		620		  141
	  38		18			400		500		  150
	  38		22			475		380		  141
	  38		36			625		380		  141
	  39		24			775		380		  240
	  39		30			700		260		  141
	  39		31			850		260		  141
	  39		43			625		140		  150
	  39		47			925		140		  150
	  39		71			850		20		  141
	  39		75			700		20		  141
	  40		7			1000		260		  141
	  40		14			1000		500		  141
	  40		17			850		500		  141
	  40		24			775		380		  150
	  40		26			1075		380		  150
	  40		28			925		620		  240
	  40		31			850		260		  141
	  40		47			925		140		  240
	  41		2			1000		740		  150
	  41		10			775		620		  141
	  41		17			850		500		  240
	  41		25			700		740		  150
	  41		28			925		620		  141
	  41		34			775		860		  141
	  41		46			925		860		  141
	  41		77			850		980		  240
	  42		4			175		860		  150
	  42		5			400		740		  141
	  42		16			475		860		  150
	  42		32			325		620		  240
	  42		37			250		740		  141
	  42		57			250		980		  141
	  42		66			400		980		  141
	  43		3			550		260		  141
	  43		23			475		140		  150
	  43		30			700		260		  141
	  43		36			625		380		  240
	  43		39			775		140		  150
	  43		75			700		20		  141
	  43		79			550		20		  141
	  44		1			550		740		  141
	  44		15			625		620		  240
	  44		16			475		860		  150
	  44		25			700		740		  141
	  44		34			775		860		  150
	  44		69			550		980		  141
	  44		73			700		980		  141
	  45		11			400		260		  141
	  45		13			250		500		  141
	  45		18			400		500		  141
	  45		20			175		380		  150
	  45		22			475		380		  150
	  45		27			250		260		  141
	  45		32			325		620		  240
	  45		35			325		140		  240
	  46		2			1000		740		  141
	  46		9			1075		860		  150
	  46		28			925		620		  240
	  46		34			775		860		  150
	  46		41			850		740		  141
	  46		62			1000		980		  141
	  46		77			850		980		  141
	  47		7			1000		260		  141
	  47		29			1075		140		  150
	  47		31			850		260		  141
	  47		39			775		140		  150
	  47		40			925		380		  240
	  47		67			1000		20		  141
	  47		71			850		20		  141
	  48		2			1000		740		  150
	  48		9			1075		860		  141
	  48		12			1075		620		  141
	  48		19			1150		500		  240
	  48		54			1150		980		  240
	  48		58			1225		860		  141
	  48		70			1225		620		  141
	  48		80			1300		740		  150
	  49		4			175		860		  141
	  49		53			25		860		  141
	  49		57			250		980		  150
	  49		61			100		740		  240
	  50		54			1150		980		  150
	  50		58			1225		860		  141
	  50		80			1300		740		  240
	  51		55			1225		140		  141
	  51		59			1150		20		  150
	  51		63			1300		260		  240
	  52		21			175		140		  141
	  52		56			250		20		  150
	  52		60			25		140		  141
	  52		68			100		260		  240
	  53		4			175		860		  150
	  53		49			100		980		  141
	  53		61			100		740		  141
	  53		76			25		620		  240
	  54		9			1075		860		  141
	  54		48			1150		740		  240
	  54		50			1300		980		  150
	  54		58			1225		860		  141
	  54		62			1000		980		  150
	  55		29			1075		140		  150
	  55		33			1150		260		  141
	  55		51			1300		20		  141
	  55		59			1150		20		  141
	  55		63			1300		260		  141
	  55		78			1225		380		  240
	  56		21			175		140		  141
	  56		27			250		260		  240
	  56		35			325		140		  141
	  56		52			100		20		  150
	  56		64			400		20		  150
	  57		4			175		860		  141
	  57		37			250		740		  240
	  57		42			325		860		  141
	  57		49			100		980		  150
	  57		66			400		980		  150
	  58		9			1075		860		  150
	  58		48			1150		740		  141
	  58		50			1300		980		  141
	  58		54			1150		980		  141
	  58		70			1225		620		  240
	  58		80			1300		740		  141
	  59		29			1075		140		  141
	  59		33			1150		260		  240
	  59		51			1300		20		  150
	  59		55			1225		140		  141
	  59		67			1000		20		  150
	  60		21			175		140		  150
	  60		52			100		20		  141
	  60		65			25		380		  240
	  60		68			100		260		  141
	  61		4			175		860		  141
	  61		6			175		620		  141
	  61		37			250		740		  150
	  61		49			100		980		  240
	  61		53			25		860		  141
	  61		72			100		500		  240
	  61		76			25		620		  141
	  62		2			1000		740		  240
	  62		9			1075		860		  141
	  62		46			925		860		  141
	  62		54			1150		980		  150
	  62		77			850		980		  150
	  63		33			1150		260		  150
	  63		51			1300		20		  240
	  63		55			1225		140		  141
	  63		74			1300		500		  240
	  63		78			1225		380		  141
	  64		11			400		260		  240
	  64		23			475		140		  141
	  64		35			325		140		  141
	  64		56			250		20		  150
	  64		79			550		20		  150
	  65		20			175		380		  150
	  65		60			25		140		  240
	  65		68			100		260		  141
	  65		72			100		500		  141
	  65		76			25		620		  240
	  66		5			400		740		  240
	  66		16			475		860		  141
	  66		42			325		860		  141
	  66		57			250		980		  150
	  66		69			550		980		  150
	  67		7			1000		260		  240
	  67		29			1075		140		  141
	  67		47			925		140		  141
	  67		59			1150		20		  150
	  67		71			850		20		  150
	  68		20			175		380		  141
	  68		21			175		140		  141
	  68		27			250		260		  150
	  68		52			100		20		  240
	  68		60			25		140		  141
	  68		65			25		380		  141
	  68		72			100		500		  240
	  69		1			550		740		  240
	  69		16			475		860		  141
	  69		44			625		860		  141
	  69		66			400		980		  150
	  69		73			700		980		  150
	  70		12			1075		620		  150
	  70		19			1150		500		  141
	  70		48			1150		740		  141
	  70		58			1225		860		  240
	  70		74			1300		500		  141
	  70		78			1225		380		  240
	  70		80			1300		740		  141
	  71		31			850		260		  240
	  71		39			775		140		  141
	  71		47			925		140		  141
	  71		67			1000		20		  150
	  71		75			700		20		  150
	  72		6			175		620		  141
	  72		13			250		500		  150
	  72		20			175		380		  141
	  72		61			100		740		  240
	  72		65			25		380		  141
	  72		68			100		260		  240
	  72		76			25		620		  141
	  73		25			700		740		  240
	  73		34			775		860		  141
	  73		44			625		860		  141
	  73		69			550		980		  150
	  73		77			850		980		  150
	  74		19			1150		500		  150
	  74		63			1300		260		  240
	  74		70			1225		620		  141
	  74		78			1225		380		  141
	  74		80			1300		740		  240
	  75		30			700		260		  240
	  75		39			775		140		  141
	  75		43			625		140		  141
	  75		71			850		20		  150
	  75		79			550		20		  150
	  76		6			175		620		  150
	  76		53			25		860		  240
	  76		61			100		740		  141
	  76		65			25		380		  240
	  76		72			100		500		  141
	  77		34			775		860		  141
	  77		41			850		740		  240
	  77		46			925		860		  141
	  77		62			1000		980		  150
	  77		73			700		980		  150
	  78		19			1150		500		  141
	  78		26			1075		380		  150
	  78		33			1150		260		  141
	  78		55			1225		140		  240
	  78		63			1300		260		  141
	  78		70			1225		620		  240
	  78		74			1300		500		  141
	  79		3			550		260		  240
	  79		23			475		140		  141
	  79		43			625		140		  141
	  79		64			400		20		  150
	  79		75			700		20		  150
	  80		48			1150		740		  150
	  80		50			1300		980		  240
	  80		58			1225		860		  141
	  80		70			1225		620		  141
	  80		74			1300		500		  240
