~~~~~~~~~~~~~~~~~~~~~~~~~~~~~~~~~~~~~~~~~~~~~~~~~~~~~~~~~~~~~~~~~~~~~~~~~~~~~~~~~~~~~~~~~~~~
	 Node 	Non Neighbor			DX-Pos		DY-Pos		H-Distance(d)
~~~~~~~~~~~~~~~~~~~~~~~~~~~~~~~~~~~~~~~~~~~~~~~~~~~~~~~~~~~~~~~~~~~~~~~~~~~~~~~~~~~~~~~~~~~~~
	  0		10			700		500		  141
	  0		15			700		500		  141
	  0		17			700		500		  150
	  0		24			700		500		  141
	  0		25			700		500		  240
	  0		30			700		500		  240
	  0		36			700		500		  141
	  0		38			700		500		  150
	  1		5			550		740		  150
	  1		8			550		740		  141
	  1		15			550		740		  141
	  1		16			550		740		  141
	  1		25			550		740		  150
	  1		38			550		740		  240
	  1		44			550		740		  141
	  1		69			550		740		  240
	  2		9			1000		740		  141
	  2		12			1000		740		  141
	  2		14			1000		740		  240
	  2		28			1000		740		  141
	  2		41			1000		740		  150
	  2		46			1000		740		  141
	  2		48			1000		740		  150
	  2		62			1000		740		  240
	  3		11			550		260		  150
	  3		22			550		260		  141
	  3		23			550		260		  141
	  3		30			550		260		  150
	  3		36			550		260		  141
	  3		38			550		260		  240
	  3		43			550		260		  141
	  3		79			550		260		  240
	  4		6			175		860		  240
	  4		37			175		860		  141
	  4		42			175		860		  150
	  4		49			175		860		  141
	  4		53			175		860		  150
	  4		57			175		860		  141
	  4		61			175		860		  141
	  5		1			400		740		  150
	  5		8			400		740		  141
	  5		16			400		740		  141
	  5		18			400		740		  240
	  5		32			400		740		  141
	  5		37			400		740		  150
	  5		42			400		740		  141
	  5		66			400		740		  240
	  6		4			175		620		  240
	  6		13			175		620		  141
	  6		20			175		620		  240
	  6		32			175		620		  150
	  6		37			175		620		  141
	  6		61			175		620		  141
	  6		72			175		620		  141
	  6		76			175		620		  150
	  7		14			1000		260		  240
	  7		26			1000		260		  141
	  7		29			1000		260		  141
	  7		31			1000		260		  150
	  7		33			1000		260		  150
	  7		40			1000		260		  141
	  7		47			1000		260		  141
	  7		67			1000		260		  240
	  8		1			475		620		  141
	  8		5			475		620		  141
	  8		15			475		620		  150
	  8		16			475		620		  240
	  8		18			475		620		  141
	  8		22			475		620		  240
	  8		32			475		620		  150
	  8		38			475		620		  141
	  9		2			1075		860		  141
	  9		12			1075		860		  240
	  9		46			1075		860		  150
	  9		48			1075		860		  141
	  9		54			1075		860		  141
	  9		58			1075		860		  150
	  9		62			1075		860		  141
	  10		0			775		620		  141
	  10		15			775		620		  150
	  10		17			775		620		  141
	  10		24			775		620		  240
	  10		25			775		620		  141
	  10		28			775		620		  150
	  10		34			775		620		  240
	  10		41			775		620		  141
	  11		3			400		260		  150
	  11		18			400		260		  240
	  11		22			400		260		  141
	  11		23			400		260		  141
	  11		27			400		260		  150
	  11		35			400		260		  141
	  11		45			400		260		  141
	  11		64			400		260		  240
	  12		2			1075		620		  141
	  12		9			1075		620		  240
	  12		14			1075		620		  141
	  12		19			1075		620		  141
	  12		26			1075		620		  240
	  12		28			1075		620		  150
	  12		48			1075		620		  141
	  12		70			1075		620		  150
	  13		6			250		500		  141
	  13		18			250		500		  150
	  13		20			250		500		  141
	  13		27			250		500		  240
	  13		32			250		500		  141
	  13		37			250		500		  240
	  13		45			250		500		  141
	  13		72			250		500		  150
	  14		2			1000		500		  240
	  14		7			1000		500		  240
	  14		12			1000		500		  141
	  14		17			1000		500		  150
	  14		19			1000		500		  150
	  14		26			1000		500		  141
	  14		28			1000		500		  141
	  14		40			1000		500		  141
	  15		0			625		620		  141
	  15		1			625		620		  141
	  15		8			625		620		  150
	  15		10			625		620		  150
	  15		25			625		620		  141
	  15		36			625		620		  240
	  15		38			625		620		  141
	  15		44			625		620		  240
	  16		1			475		860		  141
	  16		5			475		860		  141
	  16		8			475		860		  240
	  16		42			475		860		  150
	  16		44			475		860		  150
	  16		66			475		860		  141
	  16		69			475		860		  141
	  17		0			850		500		  150
	  17		10			850		500		  141
	  17		14			850		500		  150
	  17		24			850		500		  141
	  17		28			850		500		  141
	  17		31			850		500		  240
	  17		40			850		500		  141
	  17		41			850		500		  240
	  18		5			400		500		  240
	  18		8			400		500		  141
	  18		11			400		500		  240
	  18		13			400		500		  150
	  18		22			400		500		  141
	  18		32			400		500		  141
	  18		38			400		500		  150
	  18		45			400		500		  141
	  19		12			1150		500		  141
	  19		14			1150		500		  150
	  19		26			1150		500		  141
	  19		33			1150		500		  240
	  19		48			1150		500		  240
	  19		70			1150		500		  141
	  19		74			1150		500		  150
	  19		78			1150		500		  141
	  20		6			175		380		  240
	  20		13			175		380		  141
	  20		21			175		380		  240
	  20		27			175		380		  141
	  20		45			175		380		  150
	  20		65			175		380		  150
	  20		68			175		380		  141
	  20		72			175		380		  141
	  21		20			175		140		  240
	  21		27			175		140		  141
	  21		35			175		140		  150
	  21		52			175		140		  141
	  21		56			175		140		  141
	  21		60			175		140		  150
	  21		68			175		140		  141
	  22		3			475		380		  141
	  22		8			475		380		  240
	  22		11			475		380		  141
	  22		18			475		380		  141
	  22		23			475		380		  240
	  22		36			475		380		  150
	  22		38			475		380		  141
	  22		45			475		380		  150
	  23		3			475		140		  141
	  23		11			475		140		  141
	  23		22			475		140		  240
	  23		35			475		140		  150
	  23		43			475		140		  150
	  23		64			475		140		  141
	  23		79			475		140		  141
	  24		0			775		380		  141
	  24		10			775		380		  240
	  24		17			775		380		  141
	  24		30			775		380		  141
	  24		31			775		380		  141
	  24		36			775		380		  150
	  24		39			775		380		  240
	  24		40			775		380		  150
	  25		0			700		740		  240
	  25		1			700		740		  150
	  25		10			700		740		  141
	  25		15			700		740		  141
	  25		34			700		740		  141
	  25		41			700		740		  150
	  25		44			700		740		  141
	  25		73			700		740		  240
	  26		7			1075		380		  141
	  26		12			1075		380		  240
	  26		14			1075		380		  141
	  26		19			1075		380		  141
	  26		29			1075		380		  240
	  26		33			1075		380		  141
	  26		40			1075		380		  150
	  26		78			1075		380		  150
	  27		11			250		260		  150
	  27		13			250		260		  240
	  27		20			250		260		  141
	  27		21			250		260		  141
	  27		35			250		260		  141
	  27		45			250		260		  141
	  27		56			250		260		  240
	  27		68			250		260		  150
	  28		2			925		620		  141
	  28		10			925		620		  150
	  28		12			925		620		  150
	  28		14			925		620		  141
	  28		17			925		620		  141
	  28		40			925		620		  240
	  28		41			925		620		  141
	  28		46			925		620		  240
	  29		7			1075		140		  141
	  29		26			1075		140		  240
	  29		33			1075		140		  141
	  29		47			1075		140		  150
	  29		55			1075		140		  150
	  29		59			1075		140		  141
	  29		67			1075		140		  141
	  30		0			700		260		  240
	  30		3			700		260		  150
	  30		24			700		260		  141
	  30		31			700		260		  150
	  30		36			700		260		  141
	  30		39			700		260		  141
	  30		43			700		260		  141
	  30		75			700		260		  240
	  31		7			850		260		  150
	  31		17			850		260		  240
	  31		24			850		260		  141
	  31		30			850		260		  150
	  31		39			850		260		  141
	  31		40			850		260		  141
	  31		47			850		260		  141
	  31		71			850		260		  240
	  32		5			325		620		  141
	  32		6			325		620		  150
	  32		8			325		620		  150
	  32		13			325		620		  141
	  32		18			325		620		  141
	  32		37			325		620		  141
	  32		42			325		620		  240
	  32		45			325		620		  240
	  33		7			1150		260		  150
	  33		19			1150		260		  240
	  33		26			1150		260		  141
	  33		29			1150		260		  141
	  33		55			1150		260		  141
	  33		59			1150		260		  240
	  33		63			1150		260		  150
	  33		78			1150		260		  141
	  34		10			775		860		  240
	  34		25			775		860		  141
	  34		41			775		860		  141
	  34		44			775		860		  150
	  34		46			775		860		  150
	  34		73			775		860		  141
	  34		77			775		860		  141
	  35		11			325		140		  141
	  35		21			325		140		  150
	  35		23			325		140		  150
	  35		27			325		140		  141
	  35		45			325		140		  240
	  35		56			325		140		  141
	  35		64			325		140		  141
	  36		0			625		380		  141
	  36		3			625		380		  141
	  36		15			625		380		  240
	  36		22			625		380		  150
	  36		24			625		380		  150
	  36		30			625		380		  141
	  36		38			625		380		  141
	  36		43			625		380		  240
	  37		4			250		740		  141
	  37		5			250		740		  150
	  37		6			250		740		  141
	  37		13			250		740		  240
	  37		32			250		740		  141
	  37		42			250		740		  141
	  37		57			250		740		  240
	  37		61			250		740		  150
	  38		0			550		500		  150
	  38		1			550		500		  240
	  38		3			550		500		  240
	  38		8			550		500		  141
	  38		15			550		500		  141
	  38		18			550		500		  150
	  38		22			550		500		  141
	  38		36			550		500		  141
	  39		24			775		140		  240
	  39		30			775		140		  141
	  39		31			775		140		  141
	  39		43			775		140		  150
	  39		47			775		140		  150
	  39		71			775		140		  141
	  39		75			775		140		  141
	  40		7			925		380		  141
	  40		14			925		380		  141
	  40		17			925		380		  141
	  40		24			925		380		  150
	  40		26			925		380		  150
	  40		28			925		380		  240
	  40		31			925		380		  141
	  40		47			925		380		  240
	  41		2			850		740		  150
	  41		10			850		740		  141
	  41		17			850		740		  240
	  41		25			850		740		  150
	  41		28			850		740		  141
	  41		34			850		740		  141
	  41		46			850		740		  141
	  41		77			850		740		  240
	  42		4			325		860		  150
	  42		5			325		860		  141
	  42		16			325		860		  150
	  42		32			325		860		  240
	  42		37			325		860		  141
	  42		57			325		860		  141
	  42		66			325		860		  141
	  43		3			625		140		  141
	  43		23			625		140		  150
	  43		30			625		140		  141
	  43		36			625		140		  240
	  43		39			625		140		  150
	  43		75			625		140		  141
	  43		79			625		140		  141
	  44		1			625		860		  141
	  44		15			625		860		  240
	  44		16			625		860		  150
	  44		25			625		860		  141
	  44		34			625		860		  150
	  44		69			625		860		  141
	  44		73			625		860		  141
	  45		11			325		380		  141
	  45		13			325		380		  141
	  45		18			325		380		  141
	  45		20			325		380		  150
	  45		22			325		380		  150
	  45		27			325		380		  141
	  45		32			325		380		  240
	  45		35			325		380		  240
	  46		2			925		860		  141
	  46		9			925		860		  150
	  46		28			925		860		  240
	  46		34			925		860		  150
	  46		41			925		860		  141
	  46		62			925		860		  141
	  46		77			925		860		  141
	  47		7			925		140		  141
	  47		29			925		140		  150
	  47		31			925		140		  141
	  47		39			925		140		  150
	  47		40			925		140		  240
	  47		67			925		140		  141
	  47		71			925		140		  141
	  48		2			1150		740		  150
	  48		9			1150		740		  141
	  48		12			1150		740		  141
	  48		19			1150		740		  240
	  48		54			1150		740		  240
	  48		58			1150		740		  141
	  48		70			1150		740		  141
	  48		80			1150		740		  150
	  49		4			100		980		  141
	  49		53			100		980		  141
	  49		57			100		980		  150
	  49		61			100		980		  240
	  50		54			1300		980		  150
	  50		58			1300		980		  141
	  50		80			1300		980		  240
	  51		55			1300		20		  141
	  51		59			1300		20		  150
	  51		63			1300		20		  240
	  52		21			100		20		  141
	  52		56			100		20		  150
	  52		60			100		20		  141
	  52		68			100		20		  240
	  53		4			25		860		  150
	  53		49			25		860		  141
	  53		61			25		860		  141
	  53		76			25		860		  240
	  54		9			1150		980		  141
	  54		48			1150		980		  240
	  54		50			1150		980		  150
	  54		58			1150		980		  141
	  54		62			1150		980		  150
	  55		29			1225		140		  150
	  55		33			1225		140		  141
	  55		51			1225		140		  141
	  55		59			1225		140		  141
	  55		63			1225		140		  141
	  55		78			1225		140		  240
	  56		21			250		20		  141
	  56		27			250		20		  240
	  56		35			250		20		  141
	  56		52			250		20		  150
	  56		64			250		20		  150
	  57		4			250		980		  141
	  57		37			250		980		  240
	  57		42			250		980		  141
	  57		49			250		980		  150
	  57		66			250		980		  150
	  58		9			1225		860		  150
	  58		48			1225		860		  141
	  58		50			1225		860		  141
	  58		54			1225		860		  141
	  58		70			1225		860		  240
	  58		80			1225		860		  141
	  59		29			1150		20		  141
	  59		33			1150		20		  240
	  59		51			1150		20		  150
	  59		55			1150		20		  141
	  59		67			1150		20		  150
	  60		21			25		140		  150
	  60		52			25		140		  141
	  60		65			25		140		  240
	  60		68			25		140		  141
	  61		4			100		740		  141
	  61		6			100		740		  141
	  61		37			100		740		  150
	  61		49			100		740		  240
	  61		53			100		740		  141
	  61		72			100		740		  240
	  61		76			100		740		  141
	  62		2			1000		980		  240
	  62		9			1000		980		  141
	  62		46			1000		980		  141
	  62		54			1000		980		  150
	  62		77			1000		980		  150
	  63		33			1300		260		  150
	  63		51			1300		260		  240
	  63		55			1300		260		  141
	  63		74			1300		260		  240
	  63		78			1300		260		  141
	  64		11			400		20		  240
	  64		23			400		20		  141
	  64		35			400		20		  141
	  64		56			400		20		  150
	  64		79			400		20		  150
	  65		20			25		380		  150
	  65		60			25		380		  240
	  65		68			25		380		  141
	  65		72			25		380		  141
	  65		76			25		380		  240
	  66		5			400		980		  240
	  66		16			400		980		  141
	  66		42			400		980		  141
	  66		57			400		980		  150
	  66		69			400		980		  150
	  67		7			1000		20		  240
	  67		29			1000		20		  141
	  67		47			1000		20		  141
	  67		59			1000		20		  150
	  67		71			1000		20		  150
	  68		20			100		260		  141
	  68		21			100		260		  141
	  68		27			100		260		  150
	  68		52			100		260		  240
	  68		60			100		260		  141
	  68		65			100		260		  141
	  68		72			100		260		  240
	  69		1			550		980		  240
	  69		16			550		980		  141
	  69		44			550		980		  141
	  69		66			550		980		  150
	  69		73			550		980		  150
	  70		12			1225		620		  150
	  70		19			1225		620		  141
	  70		48			1225		620		  141
	  70		58			1225		620		  240
	  70		74			1225		620		  141
	  70		78			1225		620		  240
	  70		80			1225		620		  141
	  71		31			850		20		  240
	  71		39			850		20		  141
	  71		47			850		20		  141
	  71		67			850		20		  150
	  71		75			850		20		  150
	  72		6			100		500		  141
	  72		13			100		500		  150
	  72		20			100		500		  141
	  72		61			100		500		  240
	  72		65			100		500		  141
	  72		68			100		500		  240
	  72		76			100		500		  141
	  73		25			700		980		  240
	  73		34			700		980		  141
	  73		44			700		980		  141
	  73		69			700		980		  150
	  73		77			700		980		  150
	  74		19			1300		500		  150
	  74		63			1300		500		  240
	  74		70			1300		500		  141
	  74		78			1300		500		  141
	  74		80			1300		500		  240
	  75		30			700		20		  240
	  75		39			700		20		  141
	  75		43			700		20		  141
	  75		71			700		20		  150
	  75		79			700		20		  150
	  76		6			25		620		  150
	  76		53			25		620		  240
	  76		61			25		620		  141
	  76		65			25		620		  240
	  76		72			25		620		  141
	  77		34			850		980		  141
	  77		41			850		980		  240
	  77		46			850		980		  141
	  77		62			850		980		  150
	  77		73			850		980		  150
	  78		19			1225		380		  141
	  78		26			1225		380		  150
	  78		33			1225		380		  141
	  78		55			1225		380		  240
	  78		63			1225		380		  141
	  78		70			1225		380		  240
	  78		74			1225		380		  141
	  79		3			550		20		  240
	  79		23			550		20		  141
	  79		43			550		20		  141
	  79		64			550		20		  150
	  79		75			550		20		  150
	  80		48			1300		740		  150
	  80		50			1300		740		  240
	  80		58			1300		740		  141
	  80		70			1300		740		  141
	  80		74			1300		740		  240
